0 0 0 0 0 0 0 0 0 0 0 0 0 0 0 0 0 0 0 0 0 30 0 0 0 0 0 0 0 0 0 0 0 0 0 0 0 0 0 0 0 0 0 0 30 0 33.333333333333336
3 2 1 0 0 0 0 0 0 0 0 0 0 0 0 0 0 0 0 0 0 30 0 0 0 0 0 0 0 0 0 0 0 0 0 0 0 0 0 0 0 0 0 0 30 0 33.333333333333336
0 0 0 0 0 0 0 0 0 0 0 0 0 0 0 0 0 0 0 0 0 30 0 3 2 1 0 0 0 0 0 0 0 0 0 0 0 0 0 0 0 0 0 0 0 0 37.03703703703704
3 2 1 0 0 0 0 0 0 0 0 0 0 0 0 0 0 0 0 0 0 30 0 0 0 0 0 0 0 0 0 0 0 0 0 0 0 0 0 0 0 0 0 0 27 0 37.03703703703704
3 3 1 0 0 0 0 0 0 0 0 0 0 0 0 0 0 0 0 0 0 27 0 3 2 1 0 0 0 0 0 0 0 0 0 0 0 0 0 0 0 0 0 0 30 0 41.15226337448559
3 3 1 0 0 0 0 0 0 0 0 0 0 0 0 0 0 0 0 0 0 30 0 0 0 0 0 0 0 0 0 0 0 0 0 0 0 0 0 0 0 0 0 0 27 0 41.15226337448559
4 1 1 0 0 0 0 0 0 0 0 0 0 0 0 0 0 0 0 0 0 27 0 3 3 1 0 0 0 0 0 0 0 0 0 0 0 0 0 0 0 0 0 0 30 0 45.72473708276177
1 4 1 3 3 1 0 0 0 0 0 0 0 0 0 0 0 0 0 0 0 30 0 4 1 1 0 0 0 0 0 0 0 0 0 0 0 0 0 0 0 0 0 0 24 0 45.72473708276177
0 4 1 2 2 1 4 1 1 0 0 0 0 0 0 0 0 0 0 0 0 24 0 1 4 1 3 3 1 0 0 0 0 0 0 0 0 0 0 0 0 0 0 0 26 0 50.80526342529085
2 1 1 2 3 1 2 3 1 3 3 1 0 0 0 0 0 0 0 0 0 26 0 0 1 1 4 1 1 0 0 0 0 0 0 0 0 0 0 0 0 0 0 0 24 0 50.80526342529085
0 1 1 4 1 1 0 0 0 0 0 0 0 0 0 0 0 0 0 0 0 24 0 2 1 1 2 3 1 2 3 1 3 3 1 0 0 0 0 0 0 0 0 0 26 0 56.45029269476761
2 1 1 2 3 1 2 3 1 3 3 1 4 5 1 0 0 0 0 0 0 26 0 4 1 1 0 0 0 0 0 0 0 0 0 0 0 0 0 0 0 0 0 0 18 0 56.45029269476761
1 1 1 2 2 1 4 1 1 0 0 0 0 0 0 0 0 0 0 0 0 18 0 2 1 1 2 3 1 2 3 1 3 3 1 4 5 1 0 0 0 0 0 0 26 0 62.722547438630684
1 1 1 2 1 1 2 1 1 2 2 1 4 2 1 4 4 1 6 7 1 26 0 4 1 1 0 0 0 0 0 0 0 0 0 0 0 0 0 0 0 0 0 0 12 0 62.722547438630684
4 1 1 0 0 0 0 0 0 0 0 0 0 0 0 0 0 0 0 0 0 12 0 1 1 1 2 1 1 2 1 1 2 2 1 4 2 1 4 4 1 6 7 1 26 0 69.69171937625632
0 0 0 0 0 0 0 0 0 0 0 0 0 0 0 0 0 0 0 0 0 30 0 0 0 0 0 0 0 0 0 0 0 0 0 0 0 0 0 0 0 0 0 0 30 0 33.333333333333336
2 2 1 0 0 0 0 0 0 0 0 0 0 0 0 0 0 0 0 0 0 30 0 0 0 0 0 0 0 0 0 0 0 0 0 0 0 0 0 0 0 0 0 0 30 0 33.333333333333336
5 5 1 0 0 0 0 0 0 0 0 0 0 0 0 0 0 0 0 0 0 30 0 2 2 1 0 0 0 0 0 0 0 0 0 0 0 0 0 0 0 0 0 0 30 0 37.03703703703704
2 2 1 3 3 1 0 0 0 0 0 0 0 0 0 0 0 0 0 0 0 30 0 0 0 0 0 0 0 0 0 0 0 0 0 0 0 0 0 0 0 0 0 0 28 0 37.03703703703704
2 3 1 0 0 0 0 0 0 0 0 0 0 0 0 0 0 0 0 0 0 0 0 2 2 1 3 3 1 0 0 0 0 0 0 0 0 0 0 0 0 0 0 0 30 0 41.15226337448559
2 2 1 3 3 1 0 0 0 0 0 0 0 0 0 0 0 0 0 0 0 30 0 2 3 1 0 0 0 0 0 0 0 0 0 0 0 0 0 0 0 0 0 0 23 0 41.15226337448559
2 1 1 2 5 1 0 0 0 0 0 0 0 0 0 0 0 0 0 0 0 23 0 2 3 1 0 0 0 0 0 0 0 0 0 0 0 0 0 0 0 0 0 0 30 0 45.72473708276177
2 1 1 2 5 1 0 0 0 0 0 0 0 0 0 0 0 0 0 0 0 30 0 2 5 1 0 0 0 0 0 0 0 0 0 0 0 0 0 0 0 0 0 0 23 0 45.72473708276177
2 3 1 2 7 1 0 0 0 0 0 0 0 0 0 0 0 0 0 0 0 23 0 2 5 1 0 0 0 0 0 0 0 0 0 0 0 0 0 0 0 0 0 0 30 0 50.80526342529085
2 5 1 5 4 1 0 0 0 0 0 0 0 0 0 0 0 0 0 0 0 30 0 2 3 1 2 7 1 0 0 0 0 0 0 0 0 0 0 0 0 0 0 0 21 0 50.80526342529085
2 2 1 6 2 1 0 0 0 0 0 0 0 0 0 0 0 0 0 0 0 21 0 2 5 1 0 0 0 0 0 0 0 0 0 0 0 0 0 0 0 0 0 0 30 0 56.45029269476761
2 3 1 6 7 1 0 0 0 0 0 0 0 0 0 0 0 0 0 0 0 30 0 5 2 1 0 0 0 0 0 0 0 0 0 0 0 0 0 0 0 0 0 0 21 0 56.45029269476761
2 3 1 2 3 1 0 0 0 0 0 0 0 0 0 0 0 0 0 0 0 21 0 6 7 1 0 0 0 0 0 0 0 0 0 0 0 0 0 0 0 0 0 0 30 0 62.722547438630684
1 1 1 4 5 1 6 5 1 0 0 0 0 0 0 0 0 0 0 0 0 30 0 2 3 1 0 0 0 0 0 0 0 0 0 0 0 0 0 0 0 0 0 0 21 0 62.722547438630684
1 3 1 3 2 1 0 0 0 0 0 0 0 0 0 0 0 0 0 0 0 21 0 1 1 1 4 3 1 6 5 1 0 0 0 0 0 0 0 0 0 0 0 0 30 0 69.69171937625632
1 1 1 3 6 1 4 2 1 4 3 1 6 4 1 0 0 0 0 0 0 30 0 3 2 1 0 0 0 0 0 0 0 0 0 0 0 0 0 0 0 0 0 0 16 0 69.69171937625632
2 1 1 2 4 1 0 0 0 0 0 0 0 0 0 0 0 0 0 0 0 0 0 1 1 1 3 3 1 4 2 1 4 3 1 6 4 1 0 0 0 0 0 0 30 0 77.4352437513959
0 2 1 0 0 0 0 0 0 0 0 0 0 0 0 0 0 0 0 0 0 30 0 0 0 0 0 0 0 0 0 0 0 0 0 0 0 0 0 0 0 0 0 0 30 0 33.333333333333336
1 1 1 0 0 0 0 0 0 0 0 0 0 0 0 0 0 0 0 0 0 0 0 0 2 1 0 0 0 0 0 0 0 0 0 0 0 0 0 0 0 0 0 0 30 0 33.333333333333336
0 2 1 0 0 0 0 0 0 0 0 0 0 0 0 0 0 0 0 0 0 30 0 1 1 1 0 0 0 0 0 0 0 0 0 0 0 0 0 0 0 0 0 0 30 0 37.03703703703704
1 1 1 0 0 0 0 0 0 0 0 0 0 0 0 0 0 0 0 0 0 30 0 0 2 1 0 0 0 0 0 0 0 0 0 0 0 0 0 0 0 0 0 0 29 0 37.03703703703704
0 2 1 2 3 1 0 0 0 0 0 0 0 0 0 0 0 0 0 0 0 29 0 1 1 1 0 0 0 0 0 0 0 0 0 0 0 0 0 0 0 0 0 0 30 0 41.15226337448559
6 4 1 0 0 0 0 0 0 0 0 0 0 0 0 0 0 0 0 0 0 28 0 2 1 1 0 0 0 0 0 0 0 0 0 0 0 0 0 0 0 0 0 0 27 0 41.15226337448559
1 1 1 2 1 1 3 3 1 0 0 0 0 0 0 0 0 0 0 0 0 27 0 6 4 1 0 0 0 0 0 0 0 0 0 0 0 0 0 0 0 0 0 0 28 0 45.72473708276177
4 2 1 6 4 1 0 0 0 0 0 0 0 0 0 0 0 0 0 0 0 28 0 1 1 1 2 1 1 3 3 1 0 0 0 0 0 0 0 0 0 0 0 0 21 0 45.72473708276177
1 1 1 3 3 1 3 4 1 0 0 0 0 0 0 0 0 0 0 0 0 21 0 6 4 1 0 0 0 0 0 0 0 0 0 0 0 0 0 0 0 0 0 0 24 0 50.80526342529085
4 4 1 6 4 1 0 0 0 0 0 0 0 0 0 0 0 0 0 0 0 24 0 1 1 1 3 3 1 3 4 1 0 0 0 0 0 0 0 0 0 0 0 0 12 0 50.80526342529085
1 1 1 3 3 1 3 4 1 3 6 1 0 0 0 0 0 0 0 0 0 12 0 4 4 1 6 4 1 0 0 0 0 0 0 0 0 0 0 0 0 0 0 0 17 0 56.45029269476761
3 2 1 4 4 1 6 1 1 0 0 0 0 0 0 0 0 0 0 0 0 0 0 1 1 1 3 3 1 3 4 1 0 0 0 0 0 0 0 0 0 0 0 0 4 0 56.45029269476761
3 1 1 3 3 1 0 0 0 0 0 0 0 0 0 0 0 0 0 0 0 4 0 4 4 1 0 0 0 0 0 0 0 0 0 0 0 0 0 0 0 0 0 0 14 0 62.722547438630684
1 2 1 0 0 0 0 0 0 0 0 0 0 0 0 0 0 0 0 0 0 30 0 0 0 0 0 0 0 0 0 0 0 0 0 0 0 0 0 0 0 0 0 0 30 0 33.333333333333336
0 0 0 0 0 0 0 0 0 0 0 0 0 0 0 0 0 0 0 0 0 30 0 1 2 1 0 0 0 0 0 0 0 0 0 0 0 0 0 0 0 0 0 0 30 0 33.333333333333336
1 2 1 2 2 1 0 0 0 0 0 0 0 0 0 0 0 0 0 0 0 30 0 0 0 0 0 0 0 0 0 0 0 0 0 0 0 0 0 0 0 0 0 0 29 0 37.03703703703704
2 2 1 0 0 0 0 0 0 0 0 0 0 0 0 0 0 0 0 0 0 29 0 1 2 1 2 2 1 0 0 0 0 0 0 0 0 0 0 0 0 0 0 0 30 0 37.03703703703704
1 2 1 2 2 1 0 0 0 0 0 0 0 0 0 0 0 0 0 0 0 29 0 2 2 1 0 0 0 0 0 0 0 0 0 0 0 0 0 0 0 0 0 0 24 0 41.15226337448559
3 2 1 3 2 1 0 0 0 0 0 0 0 0 0 0 0 0 0 0 0 24 0 2 2 1 0 0 0 0 0 0 0 0 0 0 0 0 0 0 0 0 0 0 29 0 41.15226337448559
2 2 1 4 4 1 0 0 0 0 0 0 0 0 0 0 0 0 0 0 0 29 0 3 2 1 3 2 1 0 0 0 0 0 0 0 0 0 0 0 0 0 0 0 20 0 45.72473708276177
2 1 1 2 3 1 3 2 1 0 0 0 0 0 0 0 0 0 0 0 0 20 0 2 2 1 0 0 0 0 0 0 0 0 0 0 0 0 0 0 0 0 0 0 26 0 45.72473708276177
2 8 1 0 0 0 0 0 0 0 0 0 0 0 0 0 0 0 0 0 0 26 0 2 1 1 3 2 1 5 1 1 0 0 0 0 0 0 0 0 0 0 0 0 20 0 50.80526342529085
3 3 1 0 0 0 0 0 0 0 0 0 0 0 0 0 0 0 0 0 0 20 0 0 0 0 0 0 0 0 0 0 0 0 0 0 0 0 0 0 0 0 0 0 26 0 50.80526342529085
2 3 1 3 3 1 0 0 0 0 0 0 0 0 0 0 0 0 0 0 0 26 0 3 3 1 0 0 0 0 0 0 0 0 0 0 0 0 0 0 0 0 0 0 20 0 56.45029269476761
1 1 1 1 1 1 1 2 1 3 1 1 3 3 1 0 0 0 0 0 0 20 0 3 3 1 0 0 0 0 0 0 0 0 0 0 0 0 0 0 0 0 0 0 25 0 56.45029269476761
3 2 1 4 2 1 0 0 0 0 0 0 0 0 0 0 0 0 0 0 0 25 0 1 1 1 1 2 1 3 1 1 3 3 1 0 0 0 0 0 0 0 0 0 20 0 62.722547438630684
1 1 1 1 2 1 3 3 1 0 0 0 0 0 0 0 0 0 0 0 0 20 0 4 2 1 0 0 0 0 0 0 0 0 0 0 0 0 0 0 0 0 0 0 19 0 62.722547438630684
3 3 1 4 1 1 0 0 0 0 0 0 0 0 0 0 0 0 0 0 0 19 0 1 2 1 3 3 1 0 0 0 0 0 0 0 0 0 0 0 0 0 0 0 20 0 69.69171937625632
1 2 1 2 4 1 3 3 1 4 4 1 0 0 0 0 0 0 0 0 0 20 0 3 3 1 4 1 1 0 0 0 0 0 0 0 0 0 0 0 0 0 0 0 13 0 69.69171937625632
1 4 1 3 2 1 3 3 1 5 2 1 0 0 0 0 0 0 0 0 0 13 0 1 2 1 2 4 1 3 3 1 4 4 1 0 0 0 0 0 0 0 0 0 12 0 77.4352437513959
1 1 1 1 1 1 1 2 1 2 1 1 3 3 1 4 3 1 8 8 1 12 0 3 3 1 5 2 1 0 0 0 0 0 0 0 0 0 0 0 0 0 0 0 9 0 77.4352437513959
3 2 1 4 12 1 5 1 1 0 0 0 0 0 0 0 0 0 0 0 0 9 0 1 2 1 2 1 1 3 3 1 4 3 1 8 8 1 0 0 0 0 0 0 12 0 86.03915972377322
2 1 1 0 0 0 0 0 0 0 0 0 0 0 0 0 0 0 0 0 0 30 0 0 0 0 0 0 0 0 0 0 0 0 0 0 0 0 0 0 0 0 0 0 30 0 33.333333333333336
1 3 1 0 0 0 0 0 0 0 0 0 0 0 0 0 0 0 0 0 0 30 0 2 1 1 0 0 0 0 0 0 0 0 0 0 0 0 0 0 0 0 0 0 30 0 33.333333333333336
2 1 1 0 0 0 0 0 0 0 0 0 0 0 0 0 0 0 0 0 0 30 0 1 3 1 0 0 0 0 0 0 0 0 0 0 0 0 0 0 0 0 0 0 28 0 37.03703703703704
1 1 1 2 1 1 0 0 0 0 0 0 0 0 0 0 0 0 0 0 0 30 0 0 0 0 0 0 0 0 0 0 0 0 0 0 0 0 0 0 0 0 0 0 30 0 37.03703703703704
0 0 0 0 0 0 0 0 0 0 0 0 0 0 0 0 0 0 0 0 0 30 0 1 1 1 3 1 1 0 0 0 0 0 0 0 0 0 0 0 0 0 0 0 30 0 41.15226337448559
1 1 1 2 2 1 3 1 1 0 0 0 0 0 0 0 0 0 0 0 0 30 0 0 0 0 0 0 0 0 0 0 0 0 0 0 0 0 0 0 0 0 0 0 25 0 41.15226337448559
0 0 0 0 0 0 0 0 0 0 0 0 0 0 0 0 0 0 0 0 0 25 0 1 1 1 2 2 1 3 1 1 0 0 0 0 0 0 0 0 0 0 0 0 30 0 45.72473708276177
1 1 1 3 1 1 4 2 1 4 4 1 0 0 0 0 0 0 0 0 0 30 0 0 0 0 0 0 0 0 0 0 0 0 0 0 0 0 0 0 0 0 0 0 17 0 45.72473708276177
4 4 1 0 0 0 0 0 0 0 0 0 0 0 0 0 0 0 0 0 0 17 0 1 1 1 2 2 1 3 1 1 4 6 1 0 0 0 0 0 0 0 0 0 30 0 50.80526342529085
1 1 1 2 2 1 2 5 1 3 1 1 4 2 1 0 0 0 0 0 0 30 0 0 0 0 0 0 0 0 0 0 0 0 0 0 0 0 0 0 0 0 0 0 11 0 50.80526342529085
1 3 1 3 3 1 0 0 0 0 0 0 0 0 0 0 0 0 0 0 0 11 0 1 1 1 2 2 1 2 5 1 3 1 1 4 2 1 0 0 0 0 0 0 30 0 56.45029269476761
2 1 1 0 0 0 0 0 0 0 0 0 0 0 0 0 0 0 0 0 0 30 0 0 0 0 0 0 0 0 0 0 0 0 0 0 0 0 0 0 0 0 0 0 30 0 33.333333333333336
2 2 1 0 0 0 0 0 0 0 0 0 0 0 0 0 0 0 0 0 0 30 0 2 1 1 0 0 0 0 0 0 0 0 0 0 0 0 0 0 0 0 0 0 30 0 33.333333333333336
1 2 1 2 1 1 0 0 0 0 0 0 0 0 0 0 0 0 0 0 0 30 0 2 2 1 0 0 0 0 0 0 0 0 0 0 0 0 0 0 0 0 0 0 28 0 37.03703703703704
2 1 1 3 1 1 3 4 1 0 0 0 0 0 0 0 0 0 0 0 0 28 0 0 0 0 0 0 0 0 0 0 0 0 0 0 0 0 0 0 0 0 0 0 30 0 37.03703703703704
1 1 1 2 3 1 0 0 0 0 0 0 0 0 0 0 0 0 0 0 0 30 0 2 1 1 3 1 1 3 4 1 0 0 0 0 0 0 0 0 0 0 0 0 28 0 41.15226337448559
1 2 1 2 1 1 3 1 1 3 2 1 0 0 0 0 0 0 0 0 0 28 0 1 1 1 0 0 0 0 0 0 0 0 0 0 0 0 0 0 0 0 0 0 25 0 41.15226337448559
1 1 1 3 5 1 0 0 0 0 0 0 0 0 0 0 0 0 0 0 0 25 0 1 2 1 2 1 1 3 1 1 3 2 1 0 0 0 0 0 0 0 0 0 27 20 45.72473708276177
1 2 1 2 1 1 3 1 1 3 1 1 0 0 0 0 0 0 0 0 0 27 0 3 5 1 0 0 0 0 0 0 0 0 0 0 0 0 0 0 0 0 0 0 19 0 45.72473708276177
3 5 1 0 0 0 0 0 0 0 0 0 0 0 0 0 0 0 0 0 0 19 0 1 2 1 2 1 1 3 1 1 3 1 1 0 0 0 0 0 0 0 0 0 27 0 50.80526342529085
1 2 1 2 1 1 5 5 1 0 0 0 0 0 0 0 0 0 0 0 0 27 0 0 0 0 0 0 0 0 0 0 0 0 0 0 0 0 0 0 0 0 0 0 16 0 50.80526342529085
9 7 1 0 0 0 0 0 0 0 0 0 0 0 0 0 0 0 0 0 0 16 0 1 2 1 2 1 1 5 5 1 0 0 0 0 0 0 0 0 0 0 0 0 27 0 56.45029269476761
1 1 1 1 1 1 2 1 1 5 5 1 0 0 0 0 0 0 0 0 0 27 0 9 7 1 0 0 0 0 0 0 0 0 0 0 0 0 0 0 0 0 0 0 9 0 56.45029269476761
6 4 1 9 6 1 0 0 0 0 0 0 0 0 0 0 0 0 0 0 0 9 0 1 1 1 2 1 1 5 5 1 0 0 0 0 0 0 0 0 0 0 0 0 27 20 62.722547438630684
1 1 1 2 1 1 5 5 1 0 0 0 0 0 0 0 0 0 0 0 0 27 0 6 4 1 9 6 1 0 0 0 0 0 0 0 0 0 0 0 0 0 0 0 1 0 62.722547438630684
3 2 1 4 5 1 6 3 1 9 2 1 0 0 0 0 0 0 0 0 0 1 0 1 1 1 0 0 0 0 0 0 0 0 0 0 0 0 0 0 0 0 0 0 21 0 69.69171937625632
0 0 0 0 0 0 0 0 0 0 0 0 0 0 0 0 0 0 0 0 0 30 0 0 0 0 0 0 0 0 0 0 0 0 0 0 0 0 0 0 0 0 0 0 30 0 33.333333333333336
4 3 1 0 0 0 0 0 0 0 0 0 0 0 0 0 0 0 0 0 0 0 0 0 0 0 0 0 0 0 0 0 0 0 0 0 0 0 0 0 0 0 0 0 30 0 33.333333333333336
0 0 0 0 0 0 0 0 0 0 0 0 0 0 0 0 0 0 0 0 0 30 0 4 3 1 0 0 0 0 0 0 0 0 0 0 0 0 0 0 0 0 0 0 30 0 37.03703703703704
0 4 1 4 3 1 0 0 0 0 0 0 0 0 0 0 0 0 0 0 0 30 0 0 0 0 0 0 0 0 0 0 0 0 0 0 0 0 0 0 0 0 0 0 26 0 37.03703703703704
2 3 1 0 0 0 0 0 0 0 0 0 0 0 0 0 0 0 0 0 0 26 0 0 4 1 4 3 1 0 0 0 0 0 0 0 0 0 0 0 0 0 0 0 30 0 41.15226337448559
2 2 1 3 2 1 4 3 1 0 0 0 0 0 0 0 0 0 0 0 0 30 0 2 3 1 0 0 0 0 0 0 0 0 0 0 0 0 0 0 0 0 0 0 22 0 41.15226337448559
2 1 1 3 5 1 0 0 0 0 0 0 0 0 0 0 0 0 0 0 0 22 0 2 2 1 3 2 1 4 3 1 0 0 0 0 0 0 0 0 0 0 0 0 30 0 45.72473708276177
2 2 1 2 2 1 3 2 1 4 1 1 0 0 0 0 0 0 0 0 0 30 0 3 5 1 0 0 0 0 0 0 0 0 0 0 0 0 0 0 0 0 0 0 17 0 45.72473708276177
3 2 1 3 5 1 0 0 0 0 0 0 0 0 0 0 0 0 0 0 0 17 0 2 2 1 3 2 1 4 1 1 0 0 0 0 0 0 0 0 0 0 0 0 30 0 50.80526342529085
2 1 1 2 2 1 3 2 1 4 1 1 0 0 0 0 0 0 0 0 0 30 0 3 5 1 0 0 0 0 0 0 0 0 0 0 0 0 0 0 0 0 0 0 8 0 50.80526342529085
3 3 1 3 6 1 0 0 0 0 0 0 0 0 0 0 0 0 0 0 0 8 0 2 1 1 3 2 1 4 1 1 0 0 0 0 0 0 0 0 0 0 0 0 30 0 56.45029269476761
0 0 0 0 0 0 0 0 0 0 0 0 0 0 0 0 0 0 0 0 0 30 0 0 0 0 0 0 0 0 0 0 0 0 0 0 0 0 0 0 0 0 0 0 30 0 33.333333333333336
2 1 1 0 0 0 0 0 0 0 0 0 0 0 0 0 0 0 0 0 0 30 0 0 0 0 0 0 0 0 0 0 0 0 0 0 0 0 0 0 0 0 0 0 28 0 33.333333333333336
0 0 0 0 0 0 0 0 0 0 0 0 0 0 0 0 0 0 0 0 0 0 0 2 1 1 0 0 0 0 0 0 0 0 0 0 0 0 0 0 0 0 0 0 30 0 37.03703703703704
2 1 1 0 0 0 0 0 0 0 0 0 0 0 0 0 0 0 0 0 0 30 0 0 0 0 0 0 0 0 0 0 0 0 0 0 0 0 0 0 0 0 0 0 26 0 37.03703703703704
2 8 1 0 0 0 0 0 0 0 0 0 0 0 0 0 0 0 0 0 0 26 0 2 1 1 0 0 0 0 0 0 0 0 0 0 0 0 0 0 0 0 0 0 30 0 41.15226337448559
2 4 1 0 0 0 0 0 0 0 0 0 0 0 0 0 0 0 0 0 0 30 0 2 6 1 0 0 0 0 0 0 0 0 0 0 0 0 0 0 0 0 0 0 26 0 41.15226337448559
2 6 1 3 5 1 0 0 0 0 0 0 0 0 0 0 0 0 0 0 0 26 0 2 4 1 0 0 0 0 0 0 0 0 0 0 0 0 0 0 0 0 0 0 28 0 45.72473708276177
2 2 1 2 3 1 0 0 0 0 0 0 0 0 0 0 0 0 0 0 0 28 0 2 4 1 3 5 1 0 0 0 0 0 0 0 0 0 0 0 0 0 0 0 26 0 45.72473708276177
2 4 1 3 5 1 6 2 1 0 0 0 0 0 0 0 0 0 0 0 0 26 0 1 1 1 1 1 1 2 2 1 2 3 1 0 0 0 0 0 0 0 0 0 22 0 50.80526342529085
1 1 1 1 1 1 2 1 1 2 2 1 4 4 1 4 4 1 0 0 0 22 0 3 5 1 6 2 1 0 0 0 0 0 0 0 0 0 0 0 0 0 0 0 23 0 50.80526342529085
1 4 1 2 4 1 3 5 1 6 2 1 0 0 0 0 0 0 0 0 0 23 0 1 1 1 1 1 1 2 1 1 2 2 1 4 4 1 4 4 1 0 0 0 11 0 56.45029269476761
1 1 1 2 2 1 4 1 1 4 3 1 4 4 1 0 0 0 0 0 0 11 0 2 4 1 0 0 0 0 0 0 0 0 0 0 0 0 0 0 0 0 0 0 20 0 56.45029269476761
2 2 1 2 4 1 4 4 1 0 0 0 0 0 0 0 0 0 0 0 0 0 0 1 1 1 2 2 1 4 3 1 4 4 1 6 1 1 0 0 0 0 0 0 11 0 62.722547438630684
1 1 1 2 2 1 4 1 1 4 2 1 0 0 0 0 0 0 0 0 0 11 0 0 0 0 0 0 0 0 0 0 0 0 0 0 0 0 0 0 0 0 0 0 17 0 62.722547438630684
2 3 1 4 4 1 0 0 0 0 0 0 0 0 0 0 0 0 0 0 0 17 0 1 1 1 2 2 1 2 2 1 4 1 1 4 2 1 0 0 0 0 0 0 8 0 69.69171937625632
1 1 1 2 2 1 2 2 1 5 7 1 0 0 0 0 0 0 0 0 0 8 0 0 0 0 0 0 0 0 0 0 0 0 0 0 0 0 0 0 0 0 0 0 12 0 69.69171937625632
5 4 1 0 0 0 0 0 0 0 0 0 0 0 0 0 0 0 0 0 0 12 0 1 1 1 2 2 1 2 2 1 5 7 1 0 0 0 0 0 0 0 0 0 8 0 77.4352437513959
1 1 1 2 2 1 2 2 1 4 12 1 5 2 1 0 0 0 0 0 0 8 0 0 0 0 0 0 0 0 0 0 0 0 0 0 0 0 0 0 0 0 0 0 7 0 77.4352437513959
3 2 1 4 4 1 0 0 0 0 0 0 0 0 0 0 0 0 0 0 0 7 0 2 2 1 2 2 1 4 12 1 5 2 1 0 0 0 0 0 0 0 0 0 8 0 86.03915972377322
0 0 0 0 0 0 0 0 0 0 0 0 0 0 0 0 0 0 0 0 0 30 0 0 0 0 0 0 0 0 0 0 0 0 0 0 0 0 0 0 0 0 0 0 30 0 33.333333333333336
1 1 1 0 0 0 0 0 0 0 0 0 0 0 0 0 0 0 0 0 0 30 0 0 0 0 0 0 0 0 0 0 0 0 0 0 0 0 0 0 0 0 0 0 30 0 33.333333333333336
3 2 1 0 0 0 0 0 0 0 0 0 0 0 0 0 0 0 0 0 0 30 0 1 1 1 0 0 0 0 0 0 0 0 0 0 0 0 0 0 0 0 0 0 30 0 37.03703703703704
1 1 1 0 0 0 0 0 0 0 0 0 0 0 0 0 0 0 0 0 0 30 0 3 2 1 0 0 0 0 0 0 0 0 0 0 0 0 0 0 0 0 0 0 29 0 37.03703703703704
3 1 1 0 0 0 0 0 0 0 0 0 0 0 0 0 0 0 0 0 0 29 0 0 0 0 0 0 0 0 0 0 0 0 0 0 0 0 0 0 0 0 0 0 27 0 41.15226337448559
5 4 1 0 0 0 0 0 0 0 0 0 0 0 0 0 0 0 0 0 0 27 0 3 1 1 0 0 0 0 0 0 0 0 0 0 0 0 0 0 0 0 0 0 29 0 41.15226337448559
3 3 1 0 0 0 0 0 0 0 0 0 0 0 0 0 0 0 0 0 0 29 0 5 1 1 0 0 0 0 0 0 0 0 0 0 0 0 0 0 0 0 0 0 27 0 45.72473708276177
4 4 1 5 1 1 0 0 0 0 0 0 0 0 0 0 0 0 0 0 0 27 0 3 3 1 0 0 0 0 0 0 0 0 0 0 0 0 0 0 0 0 0 0 24 0 45.72473708276177
3 3 1 5 5 1 0 0 0 0 0 0 0 0 0 0 0 0 0 0 0 24 0 4 4 1 5 1 1 0 0 0 0 0 0 0 0 0 0 0 0 0 0 0 24 0 50.80526342529085
4 4 1 5 1 1 5 5 1 0 0 0 0 0 0 0 0 0 0 0 0 24 0 3 3 1 5 5 1 0 0 0 0 0 0 0 0 0 0 0 0 0 0 0 15 0 50.80526342529085
3 3 1 4 5 1 5 1 1 0 0 0 0 0 0 0 0 0 0 0 0 15 0 5 1 1 5 5 1 0 0 0 0 0 0 0 0 0 0 0 0 0 0 0 21 0 56.45029269476761
3 3 1 5 1 1 5 5 1 0 0 0 0 0 0 0 0 0 0 0 0 17 0 3 3 1 4 3 1 5 1 1 0 0 0 0 0 0 0 0 0 0 0 0 5 0 56.45029269476761
1 2 1 3 3 1 3 3 1 4 3 1 0 0 0 0 0 0 0 0 0 5 0 5 1 1 5 1 1 0 0 0 0 0 0 0 0 0 0 0 0 0 0 0 6 0 62.722547438630684
5 1 1 5 1 1 8 4 1 0 0 0 0 0 0 0 0 0 0 0 0 5 0 1 2 1 3 3 1 3 3 1 4 3 1 0 0 0 0 0 0 0 0 0 5 0 62.722547438630684
0 0 0 0 0 0 0 0 0 0 0 0 0 0 0 0 0 0 0 0 0 30 0 0 0 0 0 0 0 0 0 0 0 0 0 0 0 0 0 0 0 0 0 0 30 0 33.333333333333336
2 3 1 0 0 0 0 0 0 0 0 0 0 0 0 0 0 0 0 0 0 30 0 0 0 0 0 0 0 0 0 0 0 0 0 0 0 0 0 0 0 0 0 0 30 0 33.333333333333336
3 2 1 0 0 0 0 0 0 0 0 0 0 0 0 0 0 0 0 0 0 30 0 2 3 1 0 0 0 0 0 0 0 0 0 0 0 0 0 0 0 0 0 0 30 0 37.03703703703704
1 2 1 2 1 1 2 3 1 0 0 0 0 0 0 0 0 0 0 0 0 30 0 3 2 1 0 0 0 0 0 0 0 0 0 0 0 0 0 0 0 0 0 0 28 0 37.03703703703704
1 2 1 3 1 1 0 0 0 0 0 0 0 0 0 0 0 0 0 0 0 28 0 2 1 1 2 3 1 0 0 0 0 0 0 0 0 0 0 0 0 0 0 0 30 0 41.15226337448559
2 1 1 2 1 1 2 3 1 0 0 0 0 0 0 0 0 0 0 0 0 30 0 3 1 1 0 0 0 0 0 0 0 0 0 0 0 0 0 0 0 0 0 0 26 0 41.15226337448559
5 4 1 0 0 0 0 0 0 0 0 0 0 0 0 0 0 0 0 0 0 26 0 2 1 1 2 3 1 0 0 0 0 0 0 0 0 0 0 0 0 0 0 0 30 0 45.72473708276177
1 1 1 2 3 1 5 4 1 0 0 0 0 0 0 0 0 0 0 0 0 30 0 5 4 1 0 0 0 0 0 0 0 0 0 0 0 0 0 0 0 0 0 0 24 0 45.72473708276177
4 4 1 5 2 1 0 0 0 0 0 0 0 0 0 0 0 0 0 0 0 24 0 1 1 1 2 1 1 5 4 1 0 0 0 0 0 0 0 0 0 0 0 0 30 0 50.80526342529085
2 1 1 2 1 1 0 0 0 0 0 0 0 0 0 0 0 0 0 0 0 28 0 0 0 0 0 0 0 0 0 0 0 0 0 0 0 0 0 0 0 0 0 0 22 0 50.80526342529085
7 5 1 0 0 0 0 0 0 0 0 0 0 0 0 0 0 0 0 0 0 22 0 2 1 1 2 1 1 0 0 0 0 0 0 0 0 0 0 0 0 0 0 0 28 0 56.45029269476761
2 1 1 2 1 1 3 2 1 4 1 1 0 0 0 0 0 0 0 0 0 28 0 7 5 1 0 0 0 0 0 0 0 0 0 0 0 0 0 0 0 0 0 0 16 0 56.45029269476761
2 1 1 4 1 1 7 5 1 0 0 0 0 0 0 0 0 0 0 0 0 16 0 2 1 1 2 1 1 3 2 1 4 1 1 0 0 0 0 0 0 0 0 0 21 0 62.722547438630684
2 1 1 3 2 1 4 5 1 0 0 0 0 0 0 0 0 0 0 0 0 21 0 2 1 1 4 1 1 0 0 0 0 0 0 0 0 0 0 0 0 0 0 0 9 0 62.722547438630684
4 4 1 0 0 0 0 0 0 0 0 0 0 0 0 0 0 0 0 0 0 9 0 4 1 1 0 0 0 0 0 0 0 0 0 0 0 0 0 0 0 0 0 0 15 0 69.69171937625632
0 0 0 0 0 0 0 0 0 0 0 0 0 0 0 0 0 0 0 0 0 30 0 0 0 0 0 0 0 0 0 0 0 0 0 0 0 0 0 0 0 0 0 0 30 0 33.333333333333336
3 2 1 0 0 0 0 0 0 0 0 0 0 0 0 0 0 0 0 0 0 30 0 0 0 0 0 0 0 0 0 0 0 0 0 0 0 0 0 0 0 0 0 0 30 0 33.333333333333336
2 3 1 0 0 0 0 0 0 0 0 0 0 0 0 0 0 0 0 0 0 30 0 3 2 1 0 0 0 0 0 0 0 0 0 0 0 0 0 0 0 0 0 0 30 0 37.03703703703704
1 3 1 3 2 1 0 0 0 0 0 0 0 0 0 0 0 0 0 0 0 30 0 2 3 1 0 0 0 0 0 0 0 0 0 0 0 0 0 0 0 0 0 0 27 0 37.03703703703704
1 3 1 2 3 1 0 0 0 0 0 0 0 0 0 0 0 0 0 0 0 27 0 1 3 1 3 2 1 0 0 0 0 0 0 0 0 0 0 0 0 0 0 0 28 0 41.15226337448559
2 2 1 3 1 1 3 2 1 0 0 0 0 0 0 0 0 0 0 0 0 28 0 2 1 1 0 0 0 0 0 0 0 0 0 0 0 0 0 0 0 0 0 0 27 0 41.15226337448559
3 4 1 0 0 0 0 0 0 0 0 0 0 0 0 0 0 0 0 0 0 27 0 2 2 1 3 1 1 0 0 0 0 0 0 0 0 0 0 0 0 0 0 0 28 0 45.72473708276177
2 1 1 2 2 1 2 4 1 3 1 1 0 0 0 0 0 0 0 0 0 28 0 3 4 1 0 0 0 0 0 0 0 0 0 0 0 0 0 0 0 0 0 0 22 0 45.72473708276177
1 1 1 3 2 1 4 5 1 0 0 0 0 0 0 0 0 0 0 0 0 22 0 2 1 1 2 2 1 2 4 1 3 1 1 0 0 0 0 0 0 0 0 0 24 0 50.80526342529085
2 2 1 2 3 1 3 1 1 4 7 1 0 0 0 0 0 0 0 0 0 24 0 4 5 1 0 0 0 0 0 0 0 0 0 0 0 0 0 0 0 0 0 0 17 0 50.80526342529085
4 3 1 5 2 1 0 0 0 0 0 0 0 0 0 0 0 0 0 0 0 17 0 2 3 1 3 1 1 4 7 1 0 0 0 0 0 0 0 0 0 0 0 0 19 0 56.45029269476761
2 2 1 4 2 1 6 6 1 0 0 0 0 0 0 0 0 0 0 0 0 18 0 5 1 1 0 0 0 0 0 0 0 0 0 0 0 0 0 0 0 0 0 0 14 0 56.45029269476761
1 1 1 3 2 1 3 3 1 5 1 1 0 0 0 0 0 0 0 0 0 14 0 2 2 1 4 2 1 6 6 1 0 0 0 0 0 0 0 0 0 0 0 0 13 0 62.722547438630684
2 1 1 4 2 1 6 3 1 7 5 1 0 0 0 0 0 0 0 0 0 13 0 3 2 1 5 1 1 0 0 0 0 0 0 0 0 0 0 0 0 0 0 0 10 0 62.722547438630684
2 3 1 2 5 1 0 0 0 0 0 0 0 0 0 0 0 0 0 0 0 8 0 6 1 1 7 5 1 0 0 0 0 0 0 0 0 0 0 0 0 0 0 0 11 0 69.69171937625632
1 1 1 0 0 0 0 0 0 0 0 0 0 0 0 0 0 0 0 0 0 30 0 0 0 0 0 0 0 0 0 0 0 0 0 0 0 0 0 0 0 0 0 0 30 0 33.333333333333336
0 0 0 0 0 0 0 0 0 0 0 0 0 0 0 0 0 0 0 0 0 30 0 1 1 1 0 0 0 0 0 0 0 0 0 0 0 0 0 0 0 0 0 0 30 0 33.333333333333336
0 1 1 3 2 1 0 0 0 0 0 0 0 0 0 0 0 0 0 0 0 30 0 0 0 0 0 0 0 0 0 0 0 0 0 0 0 0 0 0 0 0 0 0 29 0 37.03703703703704
2 3 1 0 0 0 0 0 0 0 0 0 0 0 0 0 0 0 0 0 0 29 0 1 1 1 3 2 1 0 0 0 0 0 0 0 0 0 0 0 0 0 0 0 30 0 37.03703703703704
1 1 1 3 2 1 0 0 0 0 0 0 0 0 0 0 0 0 0 0 0 30 0 2 3 1 0 0 0 0 0 0 0 0 0 0 0 0 0 0 0 0 0 0 25 0 41.15226337448559
2 2 1 2 2 1 0 0 0 0 0 0 0 0 0 0 0 0 0 0 0 25 0 1 1 1 3 2 1 0 0 0 0 0 0 0 0 0 0 0 0 0 0 0 30 0 41.15226337448559
2 3 1 3 2 1 0 0 0 0 0 0 0 0 0 0 0 0 0 0 0 30 0 2 1 1 2 2 1 0 0 0 0 0 0 0 0 0 0 0 0 0 0 0 22 0 45.72473708276177
2 1 1 2 2 1 2 3 1 0 0 0 0 0 0 0 0 0 0 0 0 22 0 2 3 1 0 0 0 0 0 0 0 0 0 0 0 0 0 0 0 0 0 0 28 0 45.72473708276177
1 4 1 2 1 1 0 0 0 0 0 0 0 0 0 0 0 0 0 0 0 28 0 2 2 1 2 3 1 0 0 0 0 0 0 0 0 0 0 0 0 0 0 0 22 0 50.80526342529085
2 2 1 2 3 1 0 0 0 0 0 0 0 0 0 0 0 0 0 0 0 22 0 0 0 0 0 0 0 0 0 0 0 0 0 0 0 0 0 0 0 0 0 0 25 0 50.80526342529085
2 1 1 0 0 0 0 0 0 0 0 0 0 0 0 0 0 0 0 0 0 25 0 2 2 1 2 3 1 0 0 0 0 0 0 0 0 0 0 0 0 0 0 0 22 0 56.45029269476761
2 1 1 2 2 1 4 5 1 0 0 0 0 0 0 0 0 0 0 0 0 22 0 0 0 0 0 0 0 0 0 0 0 0 0 0 0 0 0 0 0 0 0 0 23 0 56.45029269476761
2 3 1 3 1 1 0 0 0 0 0 0 0 0 0 0 0 0 0 0 0 23 0 2 1 1 2 2 1 4 5 1 0 0 0 0 0 0 0 0 0 0 0 0 19 0 62.722547438630684
2 1 1 2 2 1 3 2 1 3 3 1 0 0 0 0 0 0 0 0 0 19 0 3 1 1 0 0 0 0 0 0 0 0 0 0 0 0 0 0 0 0 0 0 19 0 62.722547438630684
1 1 1 2 1 1 3 0 1 0 0 0 0 0 0 0 0 0 0 0 0 2 0 2 3 1 2 3 1 3 2 1 3 3 1 0 0 0 0 0 0 0 0 0 19 0 69.69171937625632
2 1 1 2 2 1 3 2 1 3 2 1 0 0 0 0 0 0 0 0 0 19 0 2 1 1 3 1 1 0 0 0 0 0 0 0 0 0 0 0 0 0 0 0 12 0 69.69171937625632
1 8 1 2 1 1 2 1 1 3 1 1 0 0 0 0 0 0 0 0 0 12 0 2 1 1 2 2 1 3 2 1 3 2 1 0 0 0 0 0 0 0 0 0 14 0 77.4352437513959
2 1 1 2 2 1 3 2 1 3 2 1 4 3 1 4 5 1 0 0 0 14 0 1 8 1 2 1 1 2 1 1 3 1 1 0 0 0 0 0 0 0 0 0 2 0 77.4352437513959
1 2 1 0 0 0 0 0 0 0 0 0 0 0 0 0 0 0 0 0 0 30 0 0 0 0 0 0 0 0 0 0 0 0 0 0 0 0 0 0 0 0 0 0 30 0 33.333333333333336
1 1 1 2 1 1 0 0 0 0 0 0 0 0 0 0 0 0 0 0 0 30 0 3 2 1 0 0 0 0 0 0 0 0 0 0 0 0 0 0 0 0 0 0 30 40 33.333333333333336
3 1 1 0 0 0 0 0 0 0 0 0 0 0 0 0 0 0 0 0 0 30 0 2 1 1 0 0 0 0 0 0 0 0 0 0 0 0 0 0 0 0 0 0 30 0 37.03703703703704
2 1 1 0 0 0 0 0 0 0 0 0 0 0 0 0 0 0 0 0 0 30 0 0 0 0 0 0 0 0 0 0 0 0 0 0 0 0 0 0 0 0 0 0 28 2 37.03703703703704
0 0 0 0 0 0 0 0 0 0 0 0 0 0 0 0 0 0 0 0 0 28 0 2 1 1 0 0 0 0 0 0 0 0 0 0 0 0 0 0 0 0 0 0 30 0 41.15226337448559
2 1 1 3 4 1 0 0 0 0 0 0 0 0 0 0 0 0 0 0 0 30 0 0 0 0 0 0 0 0 0 0 0 0 0 0 0 0 0 0 0 0 0 0 26 0 41.15226337448559
1 7 1 0 0 0 0 0 0 0 0 0 0 0 0 0 0 0 0 0 0 26 0 2 1 1 3 4 1 0 0 0 0 0 0 0 0 0 0 0 0 0 0 0 30 0 45.72473708276177
2 1 1 3 4 1 4 4 1 0 0 0 0 0 0 0 0 0 0 0 0 30 0 1 7 1 0 0 0 0 0 0 0 0 0 0 0 0 0 0 0 0 0 0 21 0 45.72473708276177
1 5 1 7 4 1 0 0 0 0 0 0 0 0 0 0 0 0 0 0 0 21 0 3 4 1 4 4 1 0 0 0 0 0 0 0 0 0 0 0 0 0 0 0 30 0 50.80526342529085
3 4 1 4 4 1 6 6 1 0 0 0 0 0 0 0 0 0 0 0 0 30 0 1 5 1 7 4 1 0 0 0 0 0 0 0 0 0 0 0 0 0 0 0 14 0 50.80526342529085
1 5 1 5 7 1 7 1 1 0 0 0 0 0 0 0 0 0 0 0 0 14 0 4 4 1 6 6 1 0 0 0 0 0 0 0 0 0 0 0 0 0 0 0 29 0 56.45029269476761
4 4 1 5 5 1 6 6 1 0 0 0 0 0 0 0 0 0 0 0 0 29 0 1 5 1 5 7 1 7 1 1 0 0 0 0 0 0 0 0 0 0 0 0 10 0 56.45029269476761
1 5 1 5 2 1 5 6 1 7 1 1 0 0 0 0 0 0 0 0 0 10 0 4 4 1 6 6 1 0 0 0 0 0 0 0 0 0 0 0 0 0 0 0 28 0 62.722547438630684
4 4 1 6 6 1 6 6 1 0 0 0 0 0 0 0 0 0 0 0 0 28 0 1 5 1 5 2 1 5 6 1 7 1 1 0 0 0 0 0 0 0 0 0 6 0 62.722547438630684
1 5 1 5 2 1 5 2 1 6 8 1 0 0 0 0 0 0 0 0 0 6 0 6 6 1 0 0 0 0 0 0 0 0 0 0 0 0 0 0 0 0 0 0 22 0 69.69171937625632
2 8 1 6 6 1 0 0 0 0 0 0 0 0 0 0 0 0 0 0 0 17 0 1 5 1 5 2 1 6 8 1 0 0 0 0 0 0 0 0 0 0 0 0 6 0 69.69171937625632
1 3 1 4 12 1 6 6 1 6 6 1 0 0 0 0 0 0 0 0 0 6 0 6 6 1 0 0 0 0 0 0 0 0 0 0 0 0 0 0 0 0 0 0 17 0 77.4352437513959
2 1 1 6 6 1 9 7 1 0 0 0 0 0 0 0 0 0 0 0 0 16 0 4 12 1 6 6 1 6 6 1 0 0 0 0 0 0 0 0 0 0 0 0 6 0 77.4352437513959
1 1 1 2 1 1 2 3 1 4 10 1 5 5 1 6 6 1 6 6 1 4 0 6 6 1 9 7 1 0 0 0 0 0 0 0 0 0 0 0 0 0 0 0 10 0 86.03915972377322
4 6 1 5 4 1 6 6 1 9 3 1 0 0 0 0 0 0 0 0 0 10 0 1 1 1 2 1 1 2 3 1 4 1 1 5 5 1 6 6 1 6 6 1 4 0 86.03915972377322
0 0 0 0 0 0 0 0 0 0 0 0 0 0 0 0 0 0 0 0 0 30 0 0 0 0 0 0 0 0 0 0 0 0 0 0 0 0 0 0 0 0 0 0 30 0 33.333333333333336
0 0 0 0 0 0 0 0 0 0 0 0 0 0 0 0 0 0 0 0 0 30 0 0 0 0 0 0 0 0 0 0 0 0 0 0 0 0 0 0 0 0 0 0 30 0 33.333333333333336
1 2 1 0 0 0 0 0 0 0 0 0 0 0 0 0 0 0 0 0 0 30 0 0 0 0 0 0 0 0 0 0 0 0 0 0 0 0 0 0 0 0 0 0 30 0 37.03703703703704
3 3 1 0 0 0 0 0 0 0 0 0 0 0 0 0 0 0 0 0 0 30 0 1 2 1 0 0 0 0 0 0 0 0 0 0 0 0 0 0 0 0 0 0 30 0 37.03703703703704
1 2 1 2 2 1 0 0 0 0 0 0 0 0 0 0 0 0 0 0 0 30 0 3 3 1 0 0 0 0 0 0 0 0 0 0 0 0 0 0 0 0 0 0 29 0 41.15226337448559
2 3 1 3 3 1 0 0 0 0 0 0 0 0 0 0 0 0 0 0 0 29 0 1 2 1 2 2 1 0 0 0 0 0 0 0 0 0 0 0 0 0 0 0 27 0 41.15226337448559
1 2 1 3 1 1 3 3 1 0 0 0 0 0 0 0 0 0 0 0 0 27 0 3 3 1 0 0 0 0 0 0 0 0 0 0 0 0 0 0 0 0 0 0 28 0 45.72473708276177
1 1 1 3 2 1 3 5 1 0 0 0 0 0 0 0 0 0 0 0 0 28 0 3 1 1 3 3 1 0 0 0 0 0 0 0 0 0 0 0 0 0 0 0 27 0 45.72473708276177
3 2 1 3 5 1 0 0 0 0 0 0 0 0 0 0 0 0 0 0 0 27 0 3 1 1 3 2 1 0 0 0 0 0 0 0 0 0 0 0 0 0 0 0 28 0 50.80526342529085
0 4 1 3 1 1 0 0 0 0 0 0 0 0 0 0 0 0 0 0 0 28 0 3 5 1 0 0 0 0 0 0 0 0 0 0 0 0 0 0 0 0 0 0 24 0 50.80526342529085
3 5 1 4 4 1 0 0 0 0 0 0 0 0 0 0 0 0 0 0 0 24 0 0 1 1 3 1 1 0 0 0 0 0 0 0 0 0 0 0 0 0 0 0 28 0 56.45029269476761
0 1 1 3 1 1 5 5 1 0 0 0 0 0 0 0 0 0 0 0 0 28 0 2 2 1 3 5 1 4 4 1 0 0 0 0 0 0 0 0 0 0 0 0 24 40 56.45029269476761
2 2 1 3 2 1 4 4 1 0 0 0 0 0 0 0 0 0 0 0 0 24 0 5 5 1 0 0 0 0 0 0 0 0 0 0 0 0 0 0 0 0 0 0 24 0 62.722547438630684
1 4 1 2 2 1 2 2 1 5 3 1 0 0 0 0 0 0 0 0 0 24 0 2 2 1 3 2 1 4 4 1 0 0 0 0 0 0 0 0 0 0 0 0 24 0 62.722547438630684
2 2 1 4 3 1 8 8 1 0 0 0 0 0 0 0 0 0 0 0 0 24 0 2 2 1 2 2 1 0 0 0 0 0 0 0 0 0 0 0 0 0 0 0 22 0 69.69171937625632
2 2 1 3 1 1 8 8 1 0 0 0 0 0 0 0 0 0 0 0 0 22 0 2 2 1 4 3 1 8 8 1 0 0 0 0 0 0 0 0 0 0 0 0 24 0 69.69171937625632
1 3 1 2 2 1 4 3 1 4 4 1 8 6 1 0 0 0 0 0 0 24 0 3 1 1 8 8 1 0 0 0 0 0 0 0 0 0 0 0 0 0 0 0 16 0 77.4352437513959
2 7 1 4 2 1 4 4 1 8 8 1 0 0 0 0 0 0 0 0 0 16 0 1 3 1 2 2 1 2 2 1 2 2 1 4 3 1 4 4 1 8 6 1 24 0 77.4352437513959
1 1 1 0 0 0 0 0 0 0 0 0 0 0 0 0 0 0 0 0 0 30 0 0 0 0 0 0 0 0 0 0 0 0 0 0 0 0 0 0 0 0 0 0 30 0 33.333333333333336
0 4 1 0 0 0 0 0 0 0 0 0 0 0 0 0 0 0 0 0 0 30 0 1 1 1 0 0 0 0 0 0 0 0 0 0 0 0 0 0 0 0 0 0 30 0 33.333333333333336
1 1 1 0 0 0 0 0 0 0 0 0 0 0 0 0 0 0 0 0 0 30 0 0 4 1 0 0 0 0 0 0 0 0 0 0 0 0 0 0 0 0 0 0 29 0 37.03703703703704
0 4 1 1 2 1 0 0 0 0 0 0 0 0 0 0 0 0 0 0 0 29 0 1 1 1 0 0 0 0 0 0 0 0 0 0 0 0 0 0 0 0 0 0 30 0 37.03703703703704
1 1 1 0 0 0 0 0 0 0 0 0 0 0 0 0 0 0 0 0 0 30 0 0 4 1 1 2 1 0 0 0 0 0 0 0 0 0 0 0 0 0 0 0 28 0 41.15226337448559
0 4 1 1 1 1 3 3 1 0 0 0 0 0 0 0 0 0 0 0 0 28 0 0 0 0 0 0 0 0 0 0 0 0 0 0 0 0 0 0 0 0 0 0 30 0 41.15226337448559
1 1 1 2 3 1 0 0 0 0 0 0 0 0 0 0 0 0 0 0 0 30 0 0 4 1 1 1 1 3 3 1 0 0 0 0 0 0 0 0 0 0 0 0 28 0 45.72473708276177
0 4 1 1 1 1 2 3 1 3 1 1 0 0 0 0 0 0 0 0 0 28 0 1 1 1 0 0 0 0 0 0 0 0 0 0 0 0 0 0 0 0 0 0 29 0 45.72473708276177
1 1 1 2 2 1 0 0 0 0 0 0 0 0 0 0 0 0 0 0 0 29 0 0 4 1 1 1 1 2 3 1 3 1 1 0 0 0 0 0 0 0 0 0 28 0 50.80526342529085
0 4 1 1 1 1 2 2 1 2 2 1 2 2 1 3 1 1 0 0 0 28 0 2 2 1 0 0 0 0 0 0 0 0 0 0 0 0 0 0 0 0 0 0 25 0 50.80526342529085
3 3 1 5 7 1 0 0 0 0 0 0 0 0 0 0 0 0 0 0 0 25 0 0 4 1 1 1 1 2 2 1 2 2 1 2 2 1 3 1 1 0 0 0 28 0 56.45029269476761
0 4 1 1 1 1 2 2 1 2 2 1 3 3 1 6 7 1 0 0 0 28 0 3 3 1 5 4 1 0 0 0 0 0 0 0 0 0 0 0 0 0 0 0 17 0 56.45029269476761
2 3 1 4 4 1 4 4 1 5 2 1 0 0 0 0 0 0 0 0 0 17 0 0 4 1 1 1 1 2 2 1 3 3 1 6 7 1 0 0 0 0 0 0 24 0 62.722547438630684
0 4 1 1 1 1 4 2 1 6 3 1 0 0 0 0 0 0 0 0 0 24 0 4 2 1 5 2 1 0 0 0 0 0 0 0 0 0 0 0 0 0 0 0 16 0 62.722547438630684
2 2 1 2 2 1 4 4 1 5 2 1 5 3 1 0 0 0 0 0 0 16 0 0 4 1 1 1 1 4 2 1 6 3 1 0 0 0 0 0 0 0 0 0 14 0 69.69171937625632
0 4 1 0 0 0 0 0 0 0 0 0 0 0 0 0 0 0 0 0 0 14 0 0 0 0 0 0 0 0 0 0 0 0 0 0 0 0 0 0 0 0 0 0 16 0 69.69171937625632
2 2 1 2 3 1 4 4 1 0 0 0 0 0 0 0 0 0 0 0 0 16 0 0 4 1 0 0 0 0 0 0 0 0 0 0 0 0 0 0 0 0 0 0 14 0 77.4352437513959
0 4 1 1 1 1 2 3 1 5 7 1 0 0 0 0 0 0 0 0 0 14 0 2 2 1 2 3 1 4 4 1 0 0 0 0 0 0 0 0 0 0 0 0 16 0 77.4352437513959
0 4 1 2 2 1 2 3 1 4 4 1 6 7 1 0 0 0 0 0 0 16 0 0 4 1 1 1 1 2 3 1 5 7 1 0 0 0 0 0 0 0 0 0 6 0 86.03915972377322
0 4 1 1 1 1 1 1 1 2 1 1 4 4 1 4 4 1 5 7 1 6 0 2 3 1 4 4 1 6 7 1 0 0 0 0 0 0 0 0 0 0 0 0 15 0 86.03915972377322
2 1 1 0 0 0 0 0 0 0 0 0 0 0 0 0 0 0 0 0 0 29 0 0 0 0 0 0 0 0 0 0 0 0 0 0 0 0 0 0 0 0 0 0 30 0 33.333333333333336
2 3 1 0 0 0 0 0 0 0 0 0 0 0 0 0 0 0 0 0 0 29 0 2 1 1 0 0 0 0 0 0 0 0 0 0 0 0 0 0 0 0 0 0 29 20 33.333333333333336
2 1 1 0 0 0 0 0 0 0 0 0 0 0 0 0 0 0 0 0 0 29 0 2 3 1 0 0 0 0 0 0 0 0 0 0 0 0 0 0 0 0 0 0 27 0 37.03703703703704
1 2 1 2 3 1 0 0 0 0 0 0 0 0 0 0 0 0 0 0 0 27 0 2 1 1 0 0 0 0 0 0 0 0 0 0 0 0 0 0 0 0 0 0 27 1 37.03703703703704
2 1 1 0 0 0 0 0 0 0 0 0 0 0 0 0 0 0 0 0 0 27 0 1 2 1 2 3 1 0 0 0 0 0 0 0 0 0 0 0 0 0 0 0 25 0 41.15226337448559
1 2 1 2 1 1 2 2 1 2 3 1 0 0 0 0 0 0 0 0 0 25 0 2 1 1 0 0 0 0 0 0 0 0 0 0 0 0 0 0 0 0 0 0 24 0 41.15226337448559
0 0 0 0 0 0 0 0 0 0 0 0 0 0 0 0 0 0 0 0 0 24 0 1 2 1 2 1 1 3 3 1 0 0 0 0 0 0 0 0 0 0 0 0 23 0 45.72473708276177
1 2 1 2 1 1 3 3 1 0 0 0 0 0 0 0 0 0 0 0 0 23 0 0 0 0 0 0 0 0 0 0 0 0 0 0 0 0 0 0 0 0 0 0 18 20 45.72473708276177
0 0 0 0 0 0 0 0 0 0 0 0 0 0 0 0 0 0 0 0 0 18 0 1 2 1 2 1 1 3 3 1 0 0 0 0 0 0 0 0 0 0 0 0 23 0 50.80526342529085
1 2 1 2 1 1 2 2 1 3 3 1 0 0 0 0 0 0 0 0 0 23 0 0 0 0 0 0 0 0 0 0 0 0 0 0 0 0 0 0 0 0 0 0 12 0 50.80526342529085
5 5 1 0 0 0 0 0 0 0 0 0 0 0 0 0 0 0 0 0 0 12 0 1 2 1 2 1 1 2 2 1 3 3 1 0 0 0 0 0 0 0 0 0 23 0 56.45029269476761
1 2 1 2 1 1 2 2 1 3 3 1 6 5 1 0 0 0 0 0 0 23 0 5 5 1 0 0 0 0 0 0 0 0 0 0 0 0 0 0 0 0 0 0 4 0 56.45029269476761
1 1 1 8 8 1 0 0 0 0 0 0 0 0 0 0 0 0 0 0 0 4 0 1 2 1 2 1 1 2 2 1 3 3 1 0 0 0 0 0 0 0 0 0 23 0 62.722547438630684
1 1 1 1 1 1 2 2 1 3 3 1 8 4 1 0 0 0 0 0 0 23 0 1 1 1 8 5 1 0 0 0 0 0 0 0 0 0 0 0 0 0 0 0 2 0 62.722547438630684
1 1 1 7 5 1 8 5 1 0 0 0 0 0 0 0 0 0 0 0 0 2 0 1 1 1 1 1 1 2 2 1 4 3 1 8 4 1 0 0 0 0 0 0 14 0 69.69171937625632
0 0 0 0 0 0 0 0 0 0 0 0 0 0 0 0 0 0 0 0 0 30 0 0 0 0 0 0 0 0 0 0 0 0 0 0 0 0 0 0 0 0 0 0 30 0 33.333333333333336
4 1 1 0 0 0 0 0 0 0 0 0 0 0 0 0 0 0 0 0 0 30 0 0 0 0 0 0 0 0 0 0 0 0 0 0 0 0 0 0 0 0 0 0 30 0 33.333333333333336
4 1 1 0 0 0 0 0 0 0 0 0 0 0 0 0 0 0 0 0 0 30 0 4 1 1 0 0 0 0 0 0 0 0 0 0 0 0 0 0 0 0 0 0 30 0 37.03703703703704
4 1 1 0 0 0 0 0 0 0 0 0 0 0 0 0 0 0 0 0 0 30 0 4 1 1 0 0 0 0 0 0 0 0 0 0 0 0 0 0 0 0 0 0 26 0 37.03703703703704
3 3 1 4 1 1 0 0 0 0 0 0 0 0 0 0 0 0 0 0 0 26 0 4 1 1 0 0 0 0 0 0 0 0 0 0 0 0 0 0 0 0 0 0 26 0 41.15226337448559
3 3 1 0 0 0 0 0 0 0 0 0 0 0 0 0 0 0 0 0 0 26 0 4 1 1 0 0 0 0 0 0 0 0 0 0 0 0 0 0 0 0 0 0 26 0 41.15226337448559
2 3 1 4 1 1 0 0 0 0 0 0 0 0 0 0 0 0 0 0 0 26 0 3 3 1 0 0 0 0 0 0 0 0 0 0 0 0 0 0 0 0 0 0 26 0 45.72473708276177
3 1 1 4 5 1 0 0 0 0 0 0 0 0 0 0 0 0 0 0 0 26 0 4 1 1 0 0 0 0 0 0 0 0 0 0 0 0 0 0 0 0 0 0 26 0 45.72473708276177
1 2 1 2 2 1 0 0 0 0 0 0 0 0 0 0 0 0 0 0 0 26 0 4 5 1 0 0 0 0 0 0 0 0 0 0 0 0 0 0 0 0 0 0 26 0 50.80526342529085
4 3 1 4 5 1 0 0 0 0 0 0 0 0 0 0 0 0 0 0 0 26 0 2 2 1 0 0 0 0 0 0 0 0 0 0 0 0 0 0 0 0 0 0 26 0 50.80526342529085
1 5 1 3 2 1 4 4 1 0 0 0 0 0 0 0 0 0 0 0 0 26 0 4 3 1 4 5 1 0 0 0 0 0 0 0 0 0 0 0 0 0 0 0 23 0 56.45029269476761
4 2 1 4 4 1 0 0 0 0 0 0 0 0 0 0 0 0 0 0 0 23 0 4 2 1 4 4 1 0 0 0 0 0 0 0 0 0 0 0 0 0 0 0 26 0 56.45029269476761
1 1 1 4 4 1 4 5 1 5 2 1 0 0 0 0 0 0 0 0 0 26 0 4 2 1 4 4 1 0 0 0 0 0 0 0 0 0 0 0 0 0 0 0 14 0 62.722547438630684
1 1 1 1 1 1 4 3 1 7 7 1 0 0 0 0 0 0 0 0 0 14 0 4 5 1 6 2 1 0 0 0 0 0 0 0 0 0 0 0 0 0 0 0 26 0 62.722547438630684
3 2 1 4 5 1 7 2 1 7 7 1 0 0 0 0 0 0 0 0 0 26 0 1 1 1 1 1 1 4 3 1 7 7 1 0 0 0 0 0 0 0 0 0 3 0 69.69171937625632
1 1 1 1 1 1 4 3 1 4 4 1 5 4 1 7 3 1 8 8 1 3 0 3 2 1 7 7 1 8 2 1 0 0 0 0 0 0 0 0 0 0 0 0 20 0 69.69171937625632
0 0 0 0 0 0 0 0 0 0 0 0 0 0 0 0 0 0 0 0 0 30 0 0 0 0 0 0 0 0 0 0 0 0 0 0 0 0 0 0 0 0 0 0 30 0 33.333333333333336
1 1 1 0 0 0 0 0 0 0 0 0 0 0 0 0 0 0 0 0 0 30 0 0 0 0 0 0 0 0 0 0 0 0 0 0 0 0 0 0 0 0 0 0 30 0 33.333333333333336
2 2 1 0 0 0 0 0 0 0 0 0 0 0 0 0 0 0 0 0 0 30 0 1 1 1 0 0 0 0 0 0 0 0 0 0 0 0 0 0 0 0 0 0 30 0 37.03703703703704
1 1 1 3 2 1 0 0 0 0 0 0 0 0 0 0 0 0 0 0 0 30 0 2 2 1 0 0 0 0 0 0 0 0 0 0 0 0 0 0 0 0 0 0 29 0 37.03703703703704
2 2 1 3 2 1 0 0 0 0 0 0 0 0 0 0 0 0 0 0 0 29 0 1 1 1 3 2 1 0 0 0 0 0 0 0 0 0 0 0 0 0 0 0 0 0 41.15226337448559
1 1 1 3 2 1 0 0 0 0 0 0 0 0 0 0 0 0 0 0 0 28 0 2 2 1 3 2 1 0 0 0 0 0 0 0 0 0 0 0 0 0 0 0 25 0 41.15226337448559
1 2 1 2 2 1 3 2 1 3 3 1 0 0 0 0 0 0 0 0 0 25 0 1 1 1 3 2 1 0 0 0 0 0 0 0 0 0 0 0 0 0 0 0 23 0 45.72473708276177
1 1 1 3 2 1 0 0 0 0 0 0 0 0 0 0 0 0 0 0 0 23 0 1 2 1 2 2 1 3 2 1 0 0 0 0 0 0 0 0 0 0 0 0 24 0 45.72473708276177
1 2 1 2 2 1 2 2 1 3 2 1 0 0 0 0 0 0 0 0 0 24 0 1 1 1 3 2 1 0 0 0 0 0 0 0 0 0 0 0 0 0 0 0 17 0 50.80526342529085
1 1 1 3 1 1 5 5 1 0 0 0 0 0 0 0 0 0 0 0 0 17 0 2 2 1 2 2 1 3 2 1 0 0 0 0 0 0 0 0 0 0 0 0 23 0 50.80526342529085
2 2 1 3 2 1 3 3 1 7 5 1 0 0 0 0 0 0 0 0 0 23 0 1 1 1 3 1 1 5 5 1 0 0 0 0 0 0 0 0 0 0 0 0 9 0 56.45029269476761
1 1 1 5 2 1 7 6 1 0 0 0 0 0 0 0 0 0 0 0 0 9 0 2 1 1 7 5 1 0 0 0 0 0 0 0 0 0 0 0 0 0 0 0 23 0 56.45029269476761
2 1 1 2 6 1 0 0 0 0 0 0 0 0 0 0 0 0 0 0 0 23 0 5 2 1 0 0 0 0 0 0 0 0 0 0 0 0 0 0 0 0 0 0 9 0 62.722547438630684
2 3 1 0 0 0 0 0 0 0 0 0 0 0 0 0 0 0 0 0 0 9 0 2 1 1 2 1 1 0 0 0 0 0 0 0 0 0 0 0 0 0 0 0 23 0 62.722547438630684
2 2 1 4 1 1 4 4 1 0 0 0 0 0 0 0 0 0 0 0 0 23 0 5 1 1 0 0 0 0 0 0 0 0 0 0 0 0 0 0 0 0 0 0 9 0 69.69171937625632
6 9 1 0 0 0 0 0 0 0 0 0 0 0 0 0 0 0 0 0 0 9 0 2 1 1 4 4 1 0 0 0 0 0 0 0 0 0 0 0 0 0 0 0 23 0 69.69171937625632
2 1 1 4 4 1 6 9 1 0 0 0 0 0 0 0 0 0 0 0 0 23 0 6 9 1 0 0 0 0 0 0 0 0 0 0 0 0 0 0 0 0 0 0 3 0 77.4352437513959
6 5 1 9 7 1 0 0 0 0 0 0 0 0 0 0 0 0 0 0 0 3 0 6 3 1 0 0 0 0 0 0 0 0 0 0 0 0 0 0 0 0 0 0 23 0 77.4352437513959
9 7 1 0 0 0 0 0 0 0 0 0 0 0 0 0 0 0 0 0 0 23 0 9 1 1 0 0 0 0 0 0 0 0 0 0 0 0 0 0 0 0 0 0 0 0 86.03915972377322
3 1 1 7 5 1 0 0 0 0 0 0 0 0 0 0 0 0 0 0 0 8 0 0 0 0 0 0 0 0 0 0 0 0 0 0 0 0 0 0 0 0 0 0 6 0 86.03915972377322
7 6 1 0 0 0 0 0 0 0 0 0 0 0 0 0 0 0 0 0 0 6 0 3 1 1 7 5 1 0 0 0 0 0 0 0 0 0 0 0 0 0 0 0 8 0 95.59906635974802
1 2 1 0 0 0 0 0 0 0 0 0 0 0 0 0 0 0 0 0 0 30 0 0 0 0 0 0 0 0 0 0 0 0 0 0 0 0 0 0 0 0 0 0 30 0 33.333333333333336
2 2 1 0 0 0 0 0 0 0 0 0 0 0 0 0 0 0 0 0 0 30 0 2 1 1 0 0 0 0 0 0 0 0 0 0 0 0 0 0 0 0 0 0 30 0 33.333333333333336
2 3 1 0 0 0 0 0 0 0 0 0 0 0 0 0 0 0 0 0 0 30 0 0 0 0 0 0 0 0 0 0 0 0 0 0 0 0 0 0 0 0 0 0 30 0 37.03703703703704
0 4 1 0 0 0 0 0 0 0 0 0 0 0 0 0 0 0 0 0 0 30 0 2 3 1 0 0 0 0 0 0 0 0 0 0 0 0 0 0 0 0 0 0 30 0 37.03703703703704
1 1 1 3 3 1 0 0 0 0 0 0 0 0 0 0 0 0 0 0 0 30 0 0 4 1 0 0 0 0 0 0 0 0 0 0 0 0 0 0 0 0 0 0 30 0 41.15226337448559
0 4 1 1 4 1 0 0 0 0 0 0 0 0 0 0 0 0 0 0 0 30 0 1 1 1 3 3 1 0 0 0 0 0 0 0 0 0 0 0 0 0 0 0 30 0 41.15226337448559
1 1 1 3 3 1 3 3 1 0 0 0 0 0 0 0 0 0 0 0 0 30 0 1 4 1 0 0 0 0 0 0 0 0 0 0 0 0 0 0 0 0 0 0 30 0 45.72473708276177
1 4 1 2 3 1 0 0 0 0 0 0 0 0 0 0 0 0 0 0 0 30 0 3 3 1 3 3 1 0 0 0 0 0 0 0 0 0 0 0 0 0 0 0 29 0 45.72473708276177
2 2 1 3 1 1 3 2 1 4 2 1 0 0 0 0 0 0 0 0 0 29 0 0 0 0 0 0 0 0 0 0 0 0 0 0 0 0 0 0 0 0 0 0 30 0 50.80526342529085
2 2 1 2 2 1 0 0 0 0 0 0 0 0 0 0 0 0 0 0 0 30 0 2 2 1 3 1 1 3 2 1 4 2 1 0 0 0 0 0 0 0 0 0 29 0 50.80526342529085
2 2 1 3 1 1 3 2 1 4 2 1 5 4 1 0 0 0 0 0 0 30 0 2 2 1 2 2 1 0 0 0 0 0 0 0 0 0 0 0 0 0 0 0 18 0 56.45029269476761
1 2 1 1 5 1 0 0 0 0 0 0 0 0 0 0 0 0 0 0 0 18 0 2 2 1 3 1 1 4 2 1 6 4 1 0 0 0 0 0 0 0 0 0 28 0 56.45029269476761
2 1 1 3 1 1 4 1 1 6 3 1 7 7 1 0 0 0 0 0 0 28 0 0 0 0 0 0 0 0 0 0 0 0 0 0 0 0 0 0 0 0 0 0 15 0 62.722547438630684
9 5 1 0 0 0 0 0 0 0 0 0 0 0 0 0 0 0 0 0 0 15 0 2 1 1 3 1 1 4 1 1 6 3 1 7 7 1 0 0 0 0 0 0 8 0 62.722547438630684
0 0 0 0 0 0 0 0 0 0 0 0 0 0 0 0 0 0 0 0 0 30 0 0 0 0 0 0 0 0 0 0 0 0 0 0 0 0 0 0 0 0 0 0 30 0 33.333333333333336
0 4 1 0 0 0 0 0 0 0 0 0 0 0 0 0 0 0 0 0 0 30 0 0 0 0 0 0 0 0 0 0 0 0 0 0 0 0 0 0 0 0 0 0 30 0 33.333333333333336
2 3 1 0 0 0 0 0 0 0 0 0 0 0 0 0 0 0 0 0 0 30 0 0 4 1 0 0 0 0 0 0 0 0 0 0 0 0 0 0 0 0 0 0 30 0 37.03703703703704
0 4 1 1 2 1 0 0 0 0 0 0 0 0 0 0 0 0 0 0 0 30 0 2 3 1 0 0 0 0 0 0 0 0 0 0 0 0 0 0 0 0 0 0 30 0 37.03703703703704
2 2 1 2 3 1 0 0 0 0 0 0 0 0 0 0 0 0 0 0 0 30 0 0 4 1 1 2 1 0 0 0 0 0 0 0 0 0 0 0 0 0 0 0 30 0 41.15226337448559
0 4 1 1 2 1 0 0 0 0 0 0 0 0 0 0 0 0 0 0 0 30 0 2 3 1 2 3 1 0 0 0 0 0 0 0 0 0 0 0 0 0 0 0 30 0 41.15226337448559
2 2 1 5 2 1 0 0 0 0 0 0 0 0 0 0 0 0 0 0 0 30 0 0 2 1 0 0 0 0 0 0 0 0 0 0 0 0 0 0 0 0 0 0 30 0 45.72473708276177
0 2 1 2 5 1 0 0 0 0 0 0 0 0 0 0 0 0 0 0 0 30 0 2 2 1 5 2 1 0 0 0 0 0 0 0 0 0 0 0 0 0 0 0 30 0 45.72473708276177
2 2 1 3 5 1 5 2 1 0 0 0 0 0 0 0 0 0 0 0 0 30 0 0 0 0 0 0 0 0 0 0 0 0 0 0 0 0 0 0 0 0 0 0 25 0 50.80526342529085
2 3 1 2 3 1 0 0 0 0 0 0 0 0 0 0 0 0 0 0 0 25 0 2 2 1 3 5 1 5 2 1 0 0 0 0 0 0 0 0 0 0 0 0 30 0 50.80526342529085
2 2 1 3 5 1 5 5 1 0 0 0 0 0 0 0 0 0 0 0 0 30 0 2 3 1 0 0 0 0 0 0 0 0 0 0 0 0 0 0 0 0 0 0 23 0 56.45029269476761
0 4 1 2 3 1 6 4 1 0 0 0 0 0 0 0 0 0 0 0 0 23 0 2 2 1 3 5 1 5 5 1 0 0 0 0 0 0 0 0 0 0 0 0 28 0 56.45029269476761
0 4 1 2 2 1 3 3 1 4 4 1 5 5 1 0 0 0 0 0 0 28 0 6 4 1 0 0 0 0 0 0 0 0 0 0 0 0 0 0 0 0 0 0 21 0 62.722547438630684
3 5 1 6 4 1 0 0 0 0 0 0 0 0 0 0 0 0 0 0 0 21 0 0 4 1 2 2 1 3 3 1 4 4 1 5 5 1 0 0 0 0 0 0 28 0 62.722547438630684
0 4 1 2 2 1 3 3 1 4 4 1 5 2 1 6 8 1 0 0 0 28 0 6 4 1 0 0 0 0 0 0 0 0 0 0 0 0 0 0 0 0 0 0 12 0 69.69171937625632
6 4 1 6 8 1 0 0 0 0 0 0 0 0 0 0 0 0 0 0 0 12 0 0 4 1 2 2 1 2 2 1 3 3 1 4 4 1 5 2 1 6 8 1 28 0 69.69171937625632
1 2 1 0 0 0 0 0 0 0 0 0 0 0 0 0 0 0 0 0 0 30 0 0 0 0 0 0 0 0 0 0 0 0 0 0 0 0 0 0 0 0 0 0 30 0 33.333333333333336
1 2 1 0 0 0 0 0 0 0 0 0 0 0 0 0 0 0 0 0 0 30 0 1 2 1 0 0 0 0 0 0 0 0 0 0 0 0 0 0 0 0 0 0 30 0 33.333333333333336
1 2 1 1 2 1 0 0 0 0 0 0 0 0 0 0 0 0 0 0 0 30 0 1 2 1 0 0 0 0 0 0 0 0 0 0 0 0 0 0 0 0 0 0 29 0 37.03703703703704
1 2 1 2 4 1 0 0 0 0 0 0 0 0 0 0 0 0 0 0 0 29 0 1 2 1 1 2 1 0 0 0 0 0 0 0 0 0 0 0 0 0 0 0 29 0 37.03703703703704
1 2 1 1 2 1 2 3 1 0 0 0 0 0 0 0 0 0 0 0 0 29 0 1 2 1 2 4 1 0 0 0 0 0 0 0 0 0 0 0 0 0 0 0 27 0 41.15226337448559
0 7 1 2 2 1 0 0 0 0 0 0 0 0 0 0 0 0 0 0 0 27 0 1 2 1 1 2 1 0 0 0 0 0 0 0 0 0 0 0 0 0 0 0 29 0 41.15226337448559
0 7 1 1 2 1 1 2 1 2 1 1 0 0 0 0 0 0 0 0 0 29 0 0 5 1 2 2 1 0 0 0 0 0 0 0 0 0 0 0 0 0 0 0 27 0 45.72473708276177
0 0 0 0 0 0 0 0 0 0 0 0 0 0 0 0 0 0 0 0 0 27 0 0 0 0 0 0 0 0 0 0 0 0 0 0 0 0 0 0 0 0 0 0 29 20 45.72473708276177
0 0 0 0 0 0 0 0 0 0 0 0 0 0 0 0 0 0 0 0 0 29 0 0 0 0 0 0 0 0 0 0 0 0 0 0 0 0 0 0 0 0 0 0 27 0 50.80526342529085
2 3 1 0 0 0 0 0 0 0 0 0 0 0 0 0 0 0 0 0 0 27 0 0 0 0 0 0 0 0 0 0 0 0 0 0 0 0 0 0 0 0 0 0 29 0 50.80526342529085
2 2 1 2 2 1 2 2 1 0 0 0 0 0 0 0 0 0 0 0 0 29 0 2 3 1 0 0 0 0 0 0 0 0 0 0 0 0 0 0 0 0 0 0 21 0 56.45029269476761
2 2 1 2 3 1 4 4 1 0 0 0 0 0 0 0 0 0 0 0 0 21 0 0 0 0 0 0 0 0 0 0 0 0 0 0 0 0 0 0 0 0 0 0 27 0 56.45029269476761
2 1 1 2 4 1 0 0 0 0 0 0 0 0 0 0 0 0 0 0 0 27 0 2 2 1 2 3 1 4 4 1 0 0 0 0 0 0 0 0 0 0 0 0 21 0 62.722547438630684
2 2 1 2 3 1 9 9 1 0 0 0 0 0 0 0 0 0 0 0 0 21 0 2 1 1 2 4 1 0 0 0 0 0 0 0 0 0 0 0 0 0 0 0 14 20 62.722547438630684
2 4 1 0 0 0 0 0 0 0 0 0 0 0 0 0 0 0 0 0 0 14 0 2 2 1 2 3 1 9 7 1 0 0 0 0 0 0 0 0 0 0 0 0 21 0 69.69171937625632
2 2 1 2 3 1 3 2 1 9 7 1 0 0 0 0 0 0 0 0 0 21 0 2 4 1 0 0 0 0 0 0 0 0 0 0 0 0 0 0 0 0 0 0 1 0 69.69171937625632
2 1 1 3 3 1 4 5 1 0 0 0 0 0 0 0 0 0 0 0 0 1 0 2 2 1 2 3 1 9 7 1 0 0 0 0 0 0 0 0 0 0 0 0 21 0 77.4352437513959
2 1 1 0 0 0 0 0 0 0 0 0 0 0 0 0 0 0 0 0 0 30 0 0 0 0 0 0 0 0 0 0 0 0 0 0 0 0 0 0 0 0 0 0 30 0 33.333333333333336
0 0 0 0 0 0 0 0 0 0 0 0 0 0 0 0 0 0 0 0 0 30 0 2 1 1 0 0 0 0 0 0 0 0 0 0 0 0 0 0 0 0 0 0 28 0 33.333333333333336
3 1 1 0 0 0 0 0 0 0 0 0 0 0 0 0 0 0 0 0 0 28 0 0 0 0 0 0 0 0 0 0 0 0 0 0 0 0 0 0 0 0 0 0 27 0 37.03703703703704
0 0 0 0 0 0 0 0 0 0 0 0 0 0 0 0 0 0 0 0 0 27 0 3 1 1 0 0 0 0 0 0 0 0 0 0 0 0 0 0 0 0 0 0 0 0 37.03703703703704
3 1 1 0 0 0 0 0 0 0 0 0 0 0 0 0 0 0 0 0 0 26 0 0 0 0 0 0 0 0 0 0 0 0 0 0 0 0 0 0 0 0 0 0 24 0 41.15226337448559
5 5 1 0 0 0 0 0 0 0 0 0 0 0 0 0 0 0 0 0 0 24 0 3 1 1 0 0 0 0 0 0 0 0 0 0 0 0 0 0 0 0 0 0 26 0 41.15226337448559
3 3 1 0 0 0 0 0 0 0 0 0 0 0 0 0 0 0 0 0 0 26 0 5 2 1 0 0 0 0 0 0 0 0 0 0 0 0 0 0 0 0 0 0 24 0 45.72473708276177
4 4 1 5 2 1 0 0 0 0 0 0 0 0 0 0 0 0 0 0 0 24 0 3 3 1 0 0 0 0 0 0 0 0 0 0 0 0 0 0 0 0 0 0 21 0 45.72473708276177
3 3 1 5 4 1 0 0 0 0 0 0 0 0 0 0 0 0 0 0 0 21 0 4 4 1 5 2 1 0 0 0 0 0 0 0 0 0 0 0 0 0 0 0 21 0 50.80526342529085
4 4 1 5 2 1 7 6 1 0 0 0 0 0 0 0 0 0 0 0 0 21 0 3 3 1 5 4 1 0 0 0 0 0 0 0 0 0 0 0 0 0 0 0 0 0 50.80526342529085
3 3 1 5 4 1 0 0 0 0 0 0 0 0 0 0 0 0 0 0 0 12 0 4 4 1 5 2 1 7 6 1 0 0 0 0 0 0 0 0 0 0 0 0 13 0 56.45029269476761
0 0 0 0 0 0 0 0 0 0 0 0 0 0 0 0 0 0 0 0 0 30 0 0 0 0 0 0 0 0 0 0 0 0 0 0 0 0 0 0 0 0 0 0 30 0 33.333333333333336
1 1 1 2 1 1 0 0 0 0 0 0 0 0 0 0 0 0 0 0 0 30 0 0 0 0 0 0 0 0 0 0 0 0 0 0 0 0 0 0 0 0 0 0 30 0 33.333333333333336
2 2 1 0 0 0 0 0 0 0 0 0 0 0 0 0 0 0 0 0 0 30 0 1 1 1 2 1 1 0 0 0 0 0 0 0 0 0 0 0 0 0 0 0 30 20 37.03703703703704
1 1 1 0 0 0 0 0 0 0 0 0 0 0 0 0 0 0 0 0 0 30 0 0 0 0 0 0 0 0 0 0 0 0 0 0 0 0 0 0 0 0 0 0 29 0 37.03703703703704
3 3 1 0 0 0 0 0 0 0 0 0 0 0 0 0 0 0 0 0 0 29 0 3 2 1 0 0 0 0 0 0 0 0 0 0 0 0 0 0 0 0 0 0 30 0 41.15226337448559
4 3 1 0 0 0 0 0 0 0 0 0 0 0 0 0 0 0 0 0 0 30 0 0 0 0 0 0 0 0 0 0 0 0 0 0 0 0 0 0 0 0 0 0 29 0 41.15226337448559
3 3 1 0 0 0 0 0 0 0 0 0 0 0 0 0 0 0 0 0 0 29 0 4 3 1 0 0 0 0 0 0 0 0 0 0 0 0 0 0 0 0 0 0 30 0 45.72473708276177
4 3 1 4 3 1 0 0 0 0 0 0 0 0 0 0 0 0 0 0 0 30 0 3 3 1 0 0 0 0 0 0 0 0 0 0 0 0 0 0 0 0 0 0 25 0 45.72473708276177
2 7 1 3 3 1 0 0 0 0 0 0 0 0 0 0 0 0 0 0 0 25 0 4 3 1 4 3 1 0 0 0 0 0 0 0 0 0 0 0 0 0 0 0 27 0 50.80526342529085
1 4 1 3 3 1 4 1 1 4 3 1 0 0 0 0 0 0 0 0 0 27 0 3 3 1 5 3 1 0 0 0 0 0 0 0 0 0 0 0 0 0 0 0 21 0 50.80526342529085
2 3 1 3 3 1 5 7 1 0 0 0 0 0 0 0 0 0 0 0 0 21 0 1 4 1 3 3 1 4 1 1 4 3 1 0 0 0 0 0 0 0 0 0 19 0 56.45029269476761
1 4 1 3 1 1 4 3 1 6 5 1 0 0 0 0 0 0 0 0 0 19 0 3 3 1 5 7 1 0 0 0 0 0 0 0 0 0 0 0 0 0 0 0 16 0 56.45029269476761
3 3 1 5 7 1 7 6 1 0 0 0 0 0 0 0 0 0 0 0 0 16 0 1 4 1 3 1 1 4 3 1 6 5 1 0 0 0 0 0 0 0 0 0 19 0 62.722547438630684
5 4 1 6 6 1 7 3 1 0 0 0 0 0 0 0 0 0 0 0 0 19 0 7 6 1 11 1 1 0 0 0 0 0 0 0 0 0 0 0 0 0 0 0 11 0 62.722547438630684
5 7 1 7 6 1 11 1 1 0 0 0 0 0 0 0 0 0 0 0 0 11 0 5 4 1 6 6 1 7 3 1 0 0 0 0 0 0 0 0 0 0 0 0 19 20 69.69171937625632
6 6 1 0 0 0 0 0 0 0 0 0 0 0 0 0 0 0 0 0 0 19 0 5 7 1 7 1 1 0 0 0 0 0 0 0 0 0 0 0 0 0 0 0 5 0 69.69171937625632
3 2 1 4 4 1 5 6 1 0 0 0 0 0 0 0 0 0 0 0 0 5 0 0 0 0 0 0 0 0 0 0 0 0 0 0 0 0 0 0 0 0 0 0 14 0 77.4352437513959
5 7 1 0 0 0 0 0 0 0 0 0 0 0 0 0 0 0 0 0 0 22 0 3 2 1 4 4 1 5 6 1 0 0 0 0 0 0 0 0 0 0 0 0 5 0 77.4352437513959
3 2 1 4 4 1 5 6 1 7 7 1 0 0 0 0 0 0 0 0 0 5 0 5 7 1 0 0 0 0 0 0 0 0 0 0 0 0 0 0 0 0 0 0 10 0 86.03915972377322
2 1 1 0 0 0 0 0 0 0 0 0 0 0 0 0 0 0 0 0 0 30 0 0 0 0 0 0 0 0 0 0 0 0 0 0 0 0 0 0 0 0 0 0 30 0 33.333333333333336
3 2 1 0 0 0 0 0 0 0 0 0 0 0 0 0 0 0 0 0 0 30 0 2 1 1 0 0 0 0 0 0 0 0 0 0 0 0 0 0 0 0 0 0 30 0 33.333333333333336
2 1 1 0 0 0 0 0 0 0 0 0 0 0 0 0 0 0 0 0 0 30 0 3 2 1 0 0 0 0 0 0 0 0 0 0 0 0 0 0 0 0 0 0 28 0 37.03703703703704
3 2 1 0 0 0 0 0 0 0 0 0 0 0 0 0 0 0 0 0 0 28 0 2 1 1 0 0 0 0 0 0 0 0 0 0 0 0 0 0 0 0 0 0 27 0 37.03703703703704
2 1 1 0 0 0 0 0 0 0 0 0 0 0 0 0 0 0 0 0 0 27 0 3 2 1 0 0 0 0 0 0 0 0 0 0 0 0 0 0 0 0 0 0 26 0 41.15226337448559
2 2 1 3 2 1 0 0 0 0 0 0 0 0 0 0 0 0 0 0 0 26 0 2 1 1 0 0 0 0 0 0 0 0 0 0 0 0 0 0 0 0 0 0 24 0 41.15226337448559
2 1 1 2 1 1 0 0 0 0 0 0 0 0 0 0 0 0 0 0 0 24 0 2 2 1 3 2 1 0 0 0 0 0 0 0 0 0 0 0 0 0 0 0 22 0 45.72473708276177
3 1 1 3 2 1 4 5 1 0 0 0 0 0 0 0 0 0 0 0 0 22 0 2 1 1 0 0 0 0 0 0 0 0 0 0 0 0 0 0 0 0 0 0 21 0 45.72473708276177
2 1 1 2 1 1 2 4 1 0 0 0 0 0 0 0 0 0 0 0 0 21 0 3 1 1 3 2 1 4 5 1 0 0 0 0 0 0 0 0 0 0 0 0 20 0 50.80526342529085
3 2 1 4 2 1 4 3 1 4 5 1 0 0 0 0 0 0 0 0 0 22 0 2 1 1 0 0 0 0 0 0 0 0 0 0 0 0 0 0 0 0 0 0 18 0 50.80526342529085
2 1 1 3 4 1 0 0 0 0 0 0 0 0 0 0 0 0 0 0 0 18 0 3 2 1 4 2 1 4 3 1 4 5 1 0 0 0 0 0 0 0 0 0 20 0 56.45029269476761
3 2 1 4 2 1 4 3 1 5 1 1 9 7 1 0 0 0 0 0 0 20 0 0 0 0 0 0 0 0 0 0 0 0 0 0 0 0 0 0 0 0 0 0 11 0 56.45029269476761
4 5 1 0 0 0 0 0 0 0 0 0 0 0 0 0 0 0 0 0 0 11 0 3 2 1 4 4 1 4 5 1 5 5 1 9 7 1 0 0 0 0 0 0 20 0 62.722547438630684
